12 12
T 2 0 2 6
B 1 1 7 11
R 1 4 5 11
P 5 2 1 6
O 4 4 1 10
G 9 6 2 10
A 7 3 6 7
U 6 5 1 8
Y 7 4 8 8
---
12 12
T 1 3 9 6
P 0 3 2 2
N 1 1 9 4
X 7 1 8 5
L 5 2 10 11
G 2 6 8 4
A 6 4 2 7
R 7 4 7 7
B 7 6 7 9
O 0 5 10 8
Y 0 10 3 10
U 0 11 4 10
---
12 12
R 2 0 9 5
P 7 1 1 10
O 2 2 8 7
G 4 1 3 2
A 5 1 7 5
T 10 1 8 5
B 9 2 7 10
U 9 4 5 11
N 4 5 2 7
X 7 7 3 10
Y 7 11 11 11
L 7 0 10 2
V 0 6 0 8
---
13 13
P 0 6 2 11
X 6 1 5 11
T 4 2 2 4
G 8 0 5 8
A 6 5 4 9
R 9 3 11 11
B 11 1 6 6
N 11 2 8 11
Y 8 5 12 12
O 9 6 7 9
U 9 7 8 9
L 3 10 4 12
C 2 5 1 11
---
13 13
B 0 2 9 4
Y 1 1 6 2
U 6 3 4 12
A 1 11 6 6
R 3 4 10 12
T 6 5 10 8
L 11 1 9 10
X 11 2 11 11
G 3 6 4 10
O 10 5 12 5
P 11 5 11 12
---
14 14
T 0 0 0 5
X 2 1 2 6
L 4 2 5 7
B 10 0 13 0
U 8 1 11 9
C 9 3 11 10
G 11 3 12 12
E 11 4 10 7
O 11 6 10 9
A 7 4 8 11
P 3 10 6 12
V 3 9 5 11
Y 1 12 3 12
R 6 8 10 10
N 8 12 4 13
---
15 15
R 13 0 9 1
B 11 6 10 8
G 1 1 8 1
Y 11 1 13 1
P 11 0 12 2
A 7 4 7 6
O 3 3 2 5
T 8 9 11 11
K 10 0 4 9
X 14 13 12 14
V 2 12 4 12
U 0 6 12 9
C 0 4 8 11
E 2 6 14 10
N 6 9 9 4
L 11 5 12 10